100
50
757147 167851000 301413356 336971124 659598368 160567225 391749387 4890851 35766290 26239572 473038164 597006 3615544 326051436 392289610 118341522 170427798 37215528 675016433 168544290 683447133 950090226 82426872 116752251 194041604 706221268 1069909134 257655783 84970743 21417562 37379060 40873980 8670528 80835680 436291072 653352030 106923810 374079500 466701606 86546364 247776867 480572136 222071040 36629216 366496748 549646416 278840198 119255906 33557676 379268589
50
150378795 137583462 225450720 32230962 709031778 144328645 513494528 36547830 416998221 84161664 318773940 170724396 553666285 368402970 48581612 31452500 368026284 47903380 939151437 204145359 189920159 288159399 133145005 314295422 450219948 160203212 358403180 478734384 29331900 31051110 110710190 567314088 139695684 111511395 87708700 317333276 103301480 110400516 634446252 481551312 39202254 105947 738066084 26137200 8465309 55521104 554160984 43110747 94689270 217042882
50
108977344 330434685 108129400 521273564 690847794 68513792 190566996 490170278 65449575 44362899 48440001 278570942 187689600 89065044 407401680 226128238 407412022 760640413 483589584 227869096 145992802 539460830 49267978 453525720 220504716 42676068 486774960 460347888 128804732 536672875 601621398 33763104 700148238 192515622 57109679 101289132 680257988 54363400 6526000 564329607 262342368 131182389 250532865 52946170 248711870 851267488 679854069 304123424 8980026 442118269
50
625828104 67942656 226140875 56829266 70778792 544418700 81507654 200494797 423188884 209071423 393186913 257244834 4476635 67311552 455546030 398713616 320516970 211951914 647333036 70953718 105043115 625352805 9856896 38371240 119711628 553902118 661662372 1993264 469069512 15405769 113190750 116936618 260860996 695134188 345474072 771804540 97979505 109615218 125370428 30391024 186085235 132727578 36982250 116869478 240524736 758987916 491315148 332152310 211859639 61474686
50
573534710 4703684 240430120 26304960 222807551 19683398 80133375 2968732 330381356 185218041 850474296 483015465 296129475 1205864 538807492 103205600 160403320 694220262 416255900 7245755 507755360 88187632 91426750 1917160 58276680 59540375 576539744 595950716 390256886 105690054 607818884 28976352 488947088 50643600 59821560 42860570 653533550 289453752 274074594 36600876 134671852 103093155 428097498 67270875 179722712 725063960 103267724 3025308 49556357 331592375
50
10440640 50335432 102239780 892697481 163781817 455212560 444585960 656981444 103003940 258076798 547331700 333243724 108803555 13772400 167787462 29386280 44985668 33084516 314309231 452452850 324308880 355800312 126908700 893010144 415289260 178213200 272651155 477228096 15214482 113881782 682701327 700817709 167931712 299487104 237757032 278514985 589302567 110605385 58584988 665647080 204442986 106566656 112931688 308315633 66762316 6473181 10599485 230010816 60485150 49221666
50
154662294 458799675 382506675 57559270 51924684 483260515 414942300 505755579 155265662 43436158 11073108 261574080 73435176 4764300 239846733 493496025 150633604 852544847 667415472 32312136 358595208 93502520 17563000 7818980 15185844 862897840 313830439 530819520 547596650 50477733 393618550 373783842 498727740 248171352 2934265 85115160 307740784 109137987 489955200 175664124 518678244 808417747 191041647 816269960 811416462 125192277 175526845 197046296 144640224 368634528
50
70562760 114462268 189268950 386985060 149926089 16399812 480931523 13483278 199760710 501399360 310692888 159336147 50890064 293743776 18903750 7656525 3460866 237289206 185394432 53073944 253761475 618600040 327724188 26998478 119138215 451039816 53117100 592933460 789222660 271929123 517142304 681162224 850328910 511396803 50869921 312840400 77993475 603204 52924536 37190691 593009367 23634369 18011096 19492480 37306518 625679152 9760740 102089007 549036600 20246116
50
94271688 581195910 106872030 252522537 176755552 66921357 798876862 73937520 763104868 534266275 631025355 214125304 176826760 419315688 144647475 503565832 550280256 298342156 639380217 217268820 614902312 583051875 265636340 429421776 184699116 54918912 738138368 27753110 23767965 325241430 29410875 136618482 32488500 122491708 112775229 288088032 101726096 121258782 271184102 374975568 1646352 51891521 651375052 615536000 359378844 580927750 478694304 43755428 797663487 53066022
50
710743572 17503146 68096280 37398046 74202639 78564402 429941952 719201913 214644045 328437568 827355405 37435122 75543236 122027170 196127874 124592188 25705787 38282535 719906253 852600 366934344 245122155 191897325 55704870 884849056 54872228 333120350 606566616 249849700 169745491 30415085 443114780 18181524 434750964 859407684 261338904 204338390 36808449 705152 178401600 9558835 23534154 259151711 373857135 669898600 151226204 74432700 15529137 140954880 123910884
50
40747176 209803656 247283505 60158016 208388616 833807942 552623484 7619240 70216902 89268144 598343235 534786446 409965684 1040046690 782513613 58960008 52199436 775563449 23762772 562851680 646472226 96202704 261690970 874443392 26713630 3647584 102716592 154514934 130821562 734342288 7358740 188986851 481902674 303356988 573882182 603789256 198735446 146163476 21077232 51170225 313639326 203387814 114047340 427663200 151375122 375261696 7496280 129541125 83826054 410915392
50
625123946 357743628 649751680 75299325 150682 268248800 447745320 41643110 16374600 710051194 379548108 234807444 414627972 238952994 369563625 5472475 320544720 166351380 8564920 566409834 432250364 219218481 10534590 406340550 250111750 322423632 23434686 94632948 865029096 630208859 47933175 133423348 42851951 285780080 782785344 136605885 168149696 234774488 235305576 215014512 91485360 549025506 30752173 39380949 46851735 28860925 509993200 4213535 101412624 271538082
50
409322700 188540235 205166829 560098496 712156098 510282168 297131220 270164946 727992320 106185162 89313180 1192136 421056010 2114040 186996012 667338734 211217253 773142975 219372300 12322622 2510772 273580008 79386336 58249854 107761320 32861484 310837406 153445144 4137602 159361670 152704200 201104964 621626684 946441544 17307387 479416826 69690456 770254684 228784986 325337968 286843420 767733792 173948250 28045464 314222013 87718362 355366236 683216388 250581468 130029956
50
467020046 188395564 206237981 63257360 68314980 732878406 563579659 199133850 53045208 665723850 16273168 10806789 556633155 350593409 474645248 478790760 708234242 71841229 18090540 19836684 146373570 17947451 534010505 46933263 377035020 311636556 75193962 54321760 12759958 71120180 548816938 23608620 31876416 107672994 72575154 369667955 20574378 210596750 532163172 75726738 853719628 421924346 378768715 204157375 10514196 65483880 347219840 263304576 296402720 11739010
50
229776190 259135604 234364096 333702888 680931736 61137216 203030504 68728280 11414208 642645707 590904615 3042900 607198176 189041073 700764042 813035200 198341460 126403543 401436840 420826464 45046580 20249975 46978854 46397956 706610772 24701040 57954480 51603265 593109700 385569072 178982290 582152862 287317967 1474089 34825140 432421976 130257780 151516902 540852402 548391 117246528 280343040 285487136 119843931 501169590 171402504 173048142 547005459 142511840 519892329
50
273387312 69763932 33751602 29753352 318707900 28339496 94236480 248640336 468786008 25463080 147442020 4550562 88952227 384430590 506370995 72347136 159570684 340262582 351606750 332372103 72122595 66082328 580009947 183417960 42089544 69391796 224886506 51399240 66843843 60205656 62081886 35260224 837327309 437641164 92756334 354425728 250025178 89228165 723769293 537713280 2018036 296241062 477486710 194598102 485807460 82954225 23272893 265119084 238654920 147307617
50
415650 404332775 152187750 46212045 383902348 740856024 145600832 139244404 561160210 15814197 43441695 41326698 609682897 233510368 573807484 918409758 234773676 7006740 143924040 344512581 391944044 243623091 362216310 313838882 138465392 454556176 636343555 432546428 167334930 20181024 746415282 111720722 73615470 47462984 107880496 136143960 511659828 95466450 354421239 549800365 60435268 733635445 183017602 37747150 5062947 48878890 325599995 18137988 21079872 59038356
50
221761830 146788155 972195904 37177480 357459115 109067794 457301068 37387288 493588386 56703012 734987880 229642852 541480256 346837682 86792255 61250184 164162208 313651016 685798020 179120215 278116714 257218200 288919323 166820275 1138440 9672377 112754828 336359302 77725720 742023894 216498192 48187724 6701245 551198844 5146862 225442896 97065000 9505054 642452744 97740595 100669107 217134312 118231107 168390981 166096482 461287255 237684312 288028980 408739025 86339884
50
39492432 12222008 611818440 239077440 293609043 68166968 328742064 490206720 407790423 491345477 326739127 58525920 289310010 207166200 230503680 105654875 100993368 124146204 99894864 82528200 159019750 502600370 38702880 336887994 105920640 64485840 285263594 66146040 507202402 169581360 258365120 16543800 474388030 97677908 214273808 549197740 16371025 399209632 214918710 18581906 376362 226686976 712060624 230386938 234568500 42551265 69385255 120059920 531869821 721542055
50
161996141 31965956 769752957 112580454 527238999 180595880 400599192 224554427 389579328 145311430 315810235 34250278 79691976 139452420 184219210 805249480 525268095 831921870 476096787 119247990 124043674 267030370 638752452 60620904 255841365 236536470 473404330 210174105 290062569 8364646 47601647 46077910 193322146 131191272 63126436 615363392 424037123 102577960 765597427 265279324 402596873 655258263 27525365 408435345 9211950 251483302 927351612 185385825 29648034 303777078
50
20347632 125006154 32439810 3209760 725623206 113744292 446233550 694755244 69277890 581224462 548983980 146842215 162023880 117811750 600424494 413500095 696680670 44311392 654361338 873714240 39679515 64383774 857331936 57901800 400725458 205142112 315436836 224496957 637287612 581846750 229622636 660912663 151295067 468574020 351730060 30177576 9782880 87866625 594719616 233582010 615119516 27910479 374246460 82851552 192427743 101996110 45468329 182249903 699510515 446748304
50
10405605 454487064 498381037 815233815 474669218 374781036 312361068 219054222 12164493 669102462 104671807 23526314 515440782 89193702 391506567 209908200 723039040 117602470 565335660 226240014 713983140 370505170 55182686 726512370 98781680 145190868 267395415 871162475 139038438 281468461 903377734 227684277 537502878 632540448 13558520 245595886 79528680 345491822 213881525 79497236 253345780 819930573 64084020 91776550 161761152 297737939 43739550 431312700 216848412 8091345
50
22622369 105980470 81856750 260233662 372412890 656544658 442995126 22715616 12119658 620650170 155711136 74709690 110479080 206947862 525975606 467887464 126744994 44219027 122080805 139778940 384724440 509248485 552087792 309435786 311061038 18188466 1011998848 71425770 24333936 184225782 634425595 562569696 549131570 50676717 84501862 74567294 702372008 365895279 451459936 40378542 167666700 158635640 53639292 442332660 825055616 100109160 326616020 862332842 533271195 4791546
50
534208324 383933400 176391006 327818926 113154296 60008564 154335366 763685 72016548 411979139 58347390 242724668 337764528 357174360 127268648 312637260 548801690 696569970 784107756 133333137 465339720 645995041 458800620 373964526 562296583 162997980 468380079 573894873 148614130 190587920 27178778 536134599 371942570 1069810015 330080840 25761873 798027750 152066418 5351675 87620277 120031713 312337416 22876600 1304330 2484190 141963120 284262498 54136480 350512630 320865334
50
361852531 547927956 81627348 157526460 462915180 407916207 96403520 212327214 937491575 1743126 38710806 317485364 512514216 209424069 515433111 104098590 337803592 244637246 15080272 45178713 344849719 20655375 651443502 625700164 29037489 31424574 101365674 224930295 123226688 498881664 938123524 527318532 697962264 326248512 429197230 318807260 128853261 17000796 118530430 2609948 173392362 497475201 457880 35751752 467350 62797767 794103192 85978800 372697020 858829026
50
372594959 164419521 493178150 583937500 54116655 717320256 749236774 94201560 3221504 445608780 138828294 70500074 530030125 157706700 120948738 34914600 320240571 684926634 302393800 343030334 25481470 45342660 21801276 350794800 555529890 34160350 63955976 65158926 70939610 14924164 548010333 209101438 729020565 21694862 55092705 58373406 280373440 14756850 441727656 27870240 95269174 568562424 142571625 28207734 166871796 418224384 492927842 395724498 335095438 36181275
50
174696244 220519700 461849724 462952560 16426944 143907459 297827012 89082496 5794618 435392524 1270563 687935137 224622224 11223045 144722888 3965315 220821640 415191363 9416400 123459413 147247392 61668146 167496576 222564442 344144630 83510540 165885836 177182102 187509455 676905600 327929265 148380180 88852169 147171768 10412160 107102094 11230785 698619460 369714916 707149548 475253304 483033472 719591926 234082116 325667524 57943332 30718800 154906442 34313360 41762484
50
119542656 575911092 99804093 702411480 27652158 14792708 229158316 310131642 419830384 130599504 528282764 129098613 306235544 267596670 325212920 700730820 41597254 134131 59972233 121142610 19523216 710615932 194345709 250527060 143864868 140795088 252979051 361616462 27639390 517399356 312846300 60091896 830035752 99852539 173261166 328840200 5724852 177758907 559895003 68363292 509721576 305123830 455781104 213805470 579692520 305335158 516013066 23853560 230725834 344809758
50
308308767 3308574 532245572 198941040 531922174 62065726 143232480 669283155 31960974 146679123 1189314 272388020 340751376 96089764 328484080 689960889 143297046 543822048 396804480 313363371 398813304 192903924 448535241 812668220 394893590 431295831 794252064 284587242 27507080 379669432 171696456 277198138 729036600 158756000 159326100 162511404 195628011 1367829 94176720 173156496 755667843 187768784 485117504 17384510 33115072 17705604 27411097 673737298 286592572 103935336
50
109778851 859829130 494981762 145244400 341954943 46140738 2298395 129802512 221051684 389972457 206835443 181094304 47766061 152944770 89731110 446477127 15506460 48561477 108638865 204381832 56642537 119920080 891895327 74465 147579180 512332200 332576000 344992830 182412828 96980356 583904464 223204680 503869842 108221093 410790471 487916964 134794800 193101674 512272190 919528294 360536288 321611040 317417982 617434 109191588 234842719 667503648 196932078 60574950 817138869
50
50474880 199059084 223576268 22724163 51565206 445399227 399824300 135387378 331740513 60552478 581281155 31784994 387068199 377911166 201245160 66936038 15315664 25739945 512524964 430886204 16875890 549176160 182285292 167217874 598056960 233751558 167645160 94140904 178058778 353691558 128076665 132599043 131611152 759755985 255435322 805927914 22812864 599332864 33685190 16491391 52582880 417157279 55731780 153144200 186247200 67735304 179662050 124171145 55258551 52457694
50
846784119 190544094 329360640 70210053 551384480 323733000 260402405 69080040 137165625 121859760 144067440 410826832 44269335 131952352 181927624 737144497 796474448 421113888 109926500 198455782 320348007 444334608 2424825 590626200 211355716 232424138 271641189 1490580 155945010 4987217 79922612 31393152 215144127 12366954 211763783 94701474 538394580 4948456 892951704 177868044 614680815 103269264 243632123 205276365 56387220 676711968 248375325 374319687 237263895 753269620
50
947570310 18192720 518766500 263166192 230949205 6361788 293128192 325181520 214678782 130874310 579932060 210734199 81494424 112790835 221787113 521274362 244516886 356893616 7505330 238334372 129494956 74973613 187044676 866529996 99741832 402472440 100632708 76495609 245267730 542228054 374587980 428643150 277340568 78522831 176664600 82612475 456583085 559340840 605056824 897591888 21173830 37514725 625249176 454374426 153404244 676734084 212179378 406980542 381847400 707633226
50
28581300 16758471 11788502 397806912 421542450 26203086 663710825 301637496 220879085 100663842 578348529 116366560 181993125 60915240 112861000 903340732 129424281 157449951 70552099 308648029 646953900 214723544 65242200 281734376 575290919 379699692 17631796 62702144 179891898 441064830 116874744 14859376 7573269 363156506 147761582 54475391 32557952 194329233 969978268 3996928 177187968 52629824 434141736 120728640 593089992 204232875 319571616 114881656 223717086 71204585
50
69698232 41213118 38896313 29609510 561958311 848508112 97725672 820748712 29092389 9823232 563719996 332151326 809899299 18643161 19371456 1424412 308192445 37357356 13528020 168242110 246925482 21335926 187891322 703248042 452218545 303403818 85647676 163669692 282712560 198893520 194752726 79414928 63427506 48061354 439937036 16057038 190595434 338528820 85505973 224572900 24820092 141982946 116416630 379167880 688944092 87047545 72146522 532076370 182556195 148367296
50
678190452 3455985 144317172 227736664 192249369 134356662 415154750 486720120 739421344 276188400 252108538 198213792 101492181 149123920 296643420 53225147 572798751 7261455 270029952 170102848 48540875 323130048 218631816 13544256 345231716 295572348 318643288 376023956 592268113 16062720 332820360 146610412 50384763 117731277 320239335 64313704 368146626 411204804 357502845 215655440 360624420 95158650 159234173 165645430 436770900 228385911 288573310 597009510 378795000 8020906
50
819184920 375970480 26131060 29091879 2570016 86364945 384869208 965739156 242548406 247596279 86250521 528942400 280809331 15335280 696561344 73240212 145313908 1062749799 853745627 576109152 92344680 207315720 86339700 17652745 483678269 28111716 538192749 66015108 70056016 277433175 828732608 851102208 187458288 76692215 11306526 485229440 810821466 229311334 421405750 55751502 109453407 804136180 68345843 53694420 21125295 641728 168450100 741239940 265991596 429882260
50
923397454 37259102 49484029 688281730 50251716 584998110 320735234 375045828 299869325 715721196 213138846 668522451 438301952 609968469 182981700 71504110 22145578 27775104 721403232 31916488 60362479 246993788 505267000 150058150 484867350 256834008 233573832 3271725 186121280 21816520 442243848 567883008 66382800 198336372 22632440 2876000 511130978 43096470 113937570 211350528 207534462 132825046 179958126 356578605 268189680 339314568 252261930 6771669 232577564 222385724
50
28226814 590150070 86049900 24209494 459011872 222198579 89748912 23277548 196657660 246620928 466688980 557702600 394741216 15720533 184016320 17085508 698644942 534971988 735845419 291758775 250158039 467981638 206686656 559757034 387199182 40881484 652656088 20161196 28603990 301617080 181244196 140569317 3058517 325091566 152370240 436407672 30812157 380718409 751365693 117993832 9590208 511358259 275089742 140205126 182345155 699958402 313936832 594380 2744958 279070770
50
207563285 496075728 451102599 178192992 539088912 278944552 652510632 98507112 66871553 103513410 712538610 16287192 228592944 108537246 262562560 448692864 297220652 2431690 135771531 218011815 140645989 479142900 3917088 249543936 36451285 241494332 297226650 525239648 12968670 78951456 265607726 617577152 596347150 253320130 29694250 68741120 110886139 159631392 51026160 101180992 222469500 191088340 144265250 294666996 37539840 22119286 169896100 32536416 276051360 630827294
50
440729656 60206900 73496610 128883900 148628853 452994652 68412735 114338640 438409140 73356635 589370040 320354870 456917448 360044537 305756393 72115287 197297800 124976540 42721011 820174234 116468391 930241704 6917187 57571256 311831946 320319516 608207910 420894859 103377312 117114620 961337490 110322700 80508840 219522474 335478016 129237680 1053423000 38719836 773034192 67227963 7912805 200512875 148988592 325915601 736672148 239884424 299859273 614292 9292276 214791423
50
20887101 5438400 544099424 9406480 466724205 211537459 48673936 206476636 144813599 363205356 135187854 574164675 563995224 490686818 58049152 77197170 239914434 486961032 270854766 629742672 1875185 290652235 38989863 838790901 14079744 501253315 1817220 204055808 253244152 789721980 838892672 411595915 76521866 349163000 620753640 148880266 291375620 447669507 129047556 411890170 654916359 604113190 111287776 33295026 13517856 764891458 344187415 63118132 50326684 302822988
50
402562601 6421400 522287472 338672061 764235840 22363830 109363296 98398608 1874542 670321656 349388168 454746210 217074000 273690725 515385750 63221760 526796483 691665816 127864832 368595815 409896466 307811622 124335936 186583104 432190203 354177320 258779616 713622 100262015 582832562 136581075 8607879 90570600 379101870 659861097 42014040 8470722 266390085 9576090 337447215 486081655 609476005 35185856 43051080 7685792 203553320 51017568 343323884 725125480 80929044
50
831053456 230616736 91477187 168098490 191435928 81118308 5349090 693855680 214497720 170707518 731019600 765430397 36905275 370135864 458417250 449336256 419691216 106638162 224002130 83783170 261816816 161973526 231863864 34356525 384588720 3827040 381025848 65932176 109042650 895896870 71368141 239730294 273825657 84742695 43000991 402662020 462717426 520271570 626195791 147783664 74030735 860186474 172598173 90091119 439169932 27568524 472201960 625301432 2521750 173911584
50
315890868 303480651 243527033 398261871 50980753 308967268 803866779 193591839 538064970 43673435 65852220 556033995 558643168 117529996 545649201 47739918 677972025 484493724 295454997 676820613 141997324 100309680 331824476 227810630 333377363 85008774 150648390 8292921 54332155 4215828 239392692 3069336 197588772 351455985 416444584 458397264 106343370 90221347 115212530 10997954 461050110 436836726 183833193 54237600 334873200 269911040 747502316 103648626 375331320 118942368
50
85675716 396766744 299606440 155062492 36257778 106456812 537482496 652334940 273708375 414200121 82425952 65142720 76091904 94154560 291354189 103892642 70427808 461932175 56407960 314235990 614686032 878586904 2523360 510195424 280659166 139771424 39648460 592991308 224803119 539164488 544659897 243742643 54330482 50089032 267323287 335436086 37952260 128664684 328733528 142006816 267190902 135974020 179401408 66872268 79603695 283652736 289076192 297451596 54444928 34342728
50
421736296 87553564 101685400 446237080 239271045 260809948 69100422 218361176 3439062 494220729 314549181 263788380 282881950 194518485 417663376 302057270 702495520 349596852 281023344 81544 11298188 467370012 425353248 166864080 212022117 218816721 282198444 175797138 390194766 121071492 64143924 463170042 559322256 156352859 58870026 503002521 272739405 15298184 193560299 144060432 278129440 82515424 15195088 105808885 19461215 87444912 403239048 732420380 459490304 321781120
50
147375098 105327430 576720308 631037232 377957208 59878526 520713492 232062500 490325462 271743876 273634650 74349888 663264420 536708569 247669799 293435466 7288144 451825888 68060567 342572450 526349671 722351292 585468240 707153438 506432640 652125712 399013125 33872580 798706880 150478160 478212672 538396047 97608410 284212488 306353635 480587016 33159560 121936682 88100256 186734448 542813964 33466455 17981736 677729378 292997382 173858586 741249723 235291570 27200036 61265412
50
676658400 13259781 24638136 546607950 836864000 105518741 328425048 997801663 464899072 319269080 545029475 14175008 2336388 46412340 240048585 11788790 9804000 218503200 321241318 252976779 735525230 21450024 77634885 289497756 229031334 149488470 33969440 547390039 411770520 28860594 569231712 54208643 571196544 127669150 335877825 70134366 545935648 941821130 674697321 245832601 95359320 3290265 161366142 17357904 223481648 576550800 201740385 38423444 262151781 128523096
50
81835910 39245202 47975676 113905700 102554168 535854700 86825616 102528712 481738164 42085722 102654617 9485195 306488970 397240760 421944062 500425370 19829556 362064130 207097980 432960880 2115849 62374140 473979282 13249817 219548234 530540168 133747624 834378255 575104464 439434741 143726576 738779577 198245619 218953852 193765950 592904760 14646124 198970761 37937200 264334428 407165960 289411428 177617755 390379242 160577320 560742300 16809804 22445574 266372250 63006411
50
375691177 14133430 100627164 137845054 331350417 382404800 250153800 173647604 828259300 79328692 108878931 73471410 285923120 76676970 8828052 237808323 60151455 234972087 793464027 159978043 698881904 195821164 334971714 225840000 390592744 88767243 16988440 217164243 112306119 293281161 104831925 190237935 2959926 154709192 153210915 416143480 177356650 329757311 816326784 223909452 506393700 98608760 168935290 169613340 9279720 18017964 48808992 168748437 345908376 547031410
50
63524600 75981880 252896000 567875100 352524302 198406008 205951944 285427576 289660896 298864870 651645764 146380914 6071092 236154160 341919962 332587500 51594125 182963352 181526282 52198944 135368208 523149372 15047361 124578825 647543268 122499398 293101600 30455775 173748800 308142336 55347215 345102225 680685588 977524736 218687950 104300790 472488996 543328905 86690506 12991030 368918328 451002240 265850052 12695221 182714805 259371125 25114712 3113553 173145060 831744992
50
133467264 410463540 75728288 52463180 786375177 457822393 518363 639255969 30284152 21594510 111465360 92353976 456801319 78410400 667662086 77289524 175295946 465780050 291708885 173751273 352346520 488342404 79199427 452974392 31664616 7820670 379183376 313503103 160273554 127958112 262855680 427771876 94744026 36380916 528480497 83836350 199321420 214208085 424980705 36095634 25282767 35485780 92017380 6585205 321720894 31606200 433158025 96507870 652409868 80861040
50
12296780 261707628 451696404 213545800 178068235 447715178 181184241 285208648 677346852 69678024 337442120 59297791 105966420 217010266 397254608 216159616 316681508 104840512 33381975 57263690 244799394 19415550 248110672 50363455 10096437 159364800 373023980 257329464 476745588 857722880 291099424 177649807 238862520 3711211 129777898 535175134 27252900 254454912 213359670 103235483 310973336 61128800 190023792 154133010 696646425 14697200 834364160 23809116 127744056 482744790
50
494059488 15182685 193349520 173979702 716650645 1715278 768222180 16918740 537430684 272860368 771907860 177681161 146556750 115857775 598109994 135247021 807643650 359495972 965866216 663510715 300348300 537602912 766551200 56548960 609058959 85670207 489100 224769600 192318720 57200585 122686459 457406320 146139084 595683330 9520275 80315109 55196444 328394075 675341183 49564872 295512932 181750216 79172270 332064828 592197237 630722600 84322945 26622508 44328064 486752240
50
726393842 796328704 171999392 721469865 291602275 202919874 210896214 710858904 74806732 35769264 111860608 497275296 797627220 334414773 181002927 140787404 379641280 164285232 220272264 9727248 42972096 112657482 173521221 4296731 184127024 157129353 442903560 269440 9569196 54477192 470842905 33548960 426983322 22298920 683150728 303798976 280663647 226052499 74228400 328231470 8053614 453616491 188405343 73356435 525898818 42984198 178678874 109378364 304869048 47456412
50
435843032 231032420 235639214 140485794 608929688 118275482 366362123 119763805 94049760 380708358 90204348 109483940 180757500 633163065 4347200 23815390 388485844 466527080 92334405 61360472 161220521 41468985 60552413 385630600 868890456 254425724 522299864 104136352 232573887 70624932 597777970 582602460 119026044 34292610 29132240 231128293 49938112 623095673 730764276 737734890 612671483 176419880 447875016 686799945 155542431 137554785 4407153 114218070 228432704 369669256
50
278688036 223254270 10182099 76400802 44538928 646766004 197314488 107960448 438631137 165902033 927222506 318635935 17808012 385165745 183067020 172395632 1880801 347117933 214056018 501702168 174537297 357561358 102546972 347300814 368878453 73858586 170827632 291595359 302168973 29653578 361107747 8088192 85723218 180207738 453129264 121729820 256302144 701872485 783173776 347370138 65603898 311824763 111265 484510408 663361650 872170740 115763203 59840910 939697108 136724895
50
145008000 115744616 260633380 456080416 125597484 295108855 177422709 262439166 26594100 188054020 209457093 87932698 203807100 350010243 512463468 262597374 242293390 168383320 200845062 56515360 730414965 334197608 381274320 268851770 209288320 338087650 344269728 82991830 131331230 17934373 77942480 757916070 111166474 18877111 50892300 30847770 18270924 27102232 122864896 837231930 642730594 11239424 321384600 131059639 30299670 582433680 344358690 733897521 234232852 71865350
50
368045705 729961728 169918112 334182800 703416539 112880628 116635890 546893046 36981698 171936144 101830765 334763847 583076610 136515295 527174896 493598980 18073098 20985735 101924695 80842930 77893263 415534808 584314696 870046 336229738 408404808 37012500 255401510 259068096 340289778 868117802 37506744 397102626 287475200 851375 125665140 28996240 236951988 174610197 252344757 20392270 352244693 8695128 274282420 348858596 4393314 812092515 671188640 15275034 229349344
50
408091563 221134932 401438802 168105870 18382752 3470526 617607307 131091637 248248945 382435256 100948180 169592833 249936687 39046755 278316690 46707522 104752704 354042092 297130437 327649140 569450736 527419900 199926480 297564966 715940040 132052956 321194504 39328553 203272884 40609660 274582623 975174816 46741126 648209745 166779900 540501936 183978216 48101856 102840552 576271287 136517283 248939775 54757768 131411880 19533153 123483420 273237940 40283874 336594324 305419056
50
46553955 555721920 239010414 153140034 318243024 138870124 32340465 25167240 262073402 201697475 88003840 627562055 671558472 60911199 1039430310 410455618 491543010 235224444 172907280 380848768 300394465 290771680 280369998 28537266 172490582 222144253 443646476 368301092 512140717 18264375 82615070 805551240 224385414 70360011 98784288 88911468 215392125 805347978 401086176 142534924 138364992 50331674 148023204 441061402 5427448 437807932 14594112 93119988 326190624 210933736
50
120608204 26093960 411134331 431584074 93887100 450546948 163968951 293681100 419401542 66286870 437050858 341455367 256970016 509522358 701620530 205290288 821681718 810356944 135826632 384073985 23001840 243303320 442999942 235056334 358985952 471305520 178062944 377493109 247261953 17120080 499805610 113059231 537280512 29446670 845390268 22503272 32298024 22441374 67345055 96929581 1157061 114159060 424673216 501928416 404962832 88416642 725685740 426567705 760556124 14042558
50
104906167 237787886 482431860 301961776 37636368 75156830 463682518 189818330 279799434 16912350 36571593 31499750 188727517 589050672 764554872 685883184 74070360 468663732 299009876 453850260 85955264 613546984 236979549 555301483 428152560 453727230 8109942 90628670 124343340 357003570 79086048 336537348 133142768 504658686 208033925 222743976 308902872 402515724 151897398 373325622 65019492 390919512 89367075 769008744 281909551 505869084 443485980 292939854 705843110 144035464
50
1018903177 236946 27619228 369464850 130536295 80004 110483385 58941619 69922156 27762735 730150674 8459836 307342701 220417062 63938875 277772770 20538366 444740400 14134296 44829281 407449251 172553808 549821005 151804620 19292088 775427616 79150995 233839800 280162388 38524080 145733840 406804628 268487862 167907628 418926210 668651400 939824106 353110644 10804464 815256892 431268849 55326 193108480 230848420 17054340 252749703 10328328 226989765 88695460 36836762
50
2264208 100430400 230332842 32392568 193819728 6378282 96762556 419814794 534187782 222101958 241178080 71493372 54469665 607475220 233051598 570240 76503310 757768545 121090816 431236184 591021354 827610987 8163736 223427100 274958500 239329315 78725780 99970659 68560965 300185428 9289720 690134190 281976344 248260160 411245744 58553262 372702152 38554444 251671700 431863036 983689080 14972816 47209734 166179000 150881388 1319200 20050616 155054572 223607037 407229849
50
480638634 93322465 532096530 384302412 100393872 183130826 157978382 1019243790 262655496 67067769 3410022 789851148 275165865 174187140 438460812 134839848 157868152 277203676 849196024 203760090 539352 67791980 555871623 90155468 47602500 213016224 5138683 61376076 49796114 6825384 158630808 124137948 212068592 637087050 161283420 43498670 586718515 141127987 23897923 435127070 309713550 421675752 396346248 486643088 136704550 494766727 99129042 666472047 57963570 581541060
50
527264919 73142300 464496032 41230672 235103654 17332206 68584050 639255330 64833680 398088600 50124984 252433648 231897125 3170956 230231826 181188 54205564 70881213 138945780 139865556 939743247 193309800 513982590 195218481 164136760 341106833 400734372 460031805 30157095 379655666 336504255 454069512 197092713 143375778 976577447 351052405 323624790 197359340 587569620 427454120 122703282 809462403 3515778 707764173 89302500 305931048 500017072 250368310 587748368 35500500
50
373649598 160714323 13103478 338550534 147232435 309948048 64994004 396790080 16733450 892093732 272806820 20320512 269224385 7562496 103915322 149841315 500142412 370378140 590859500 49107200 542433978 36097957 320908416 34726360 100382688 68997690 286959906 172143610 507589020 888966756 545637970 408047915 185573582 199571692 122914316 95520719 49281616 316111695 53637750 58642166 624360061 268138806 222715780 122323104 117147996 822311854 32290038 296153794 398140737 148433766
50
557168535 523248600 9242350 185299893 167009445 137053011 55657152 389623256 220723200 58432066 111570060 252269541 721758232 25108833 145994562 40936951 115795052 44113695 673312880 428711365 338532900 755081580 687979236 326671432 32564373 50035108 4370736 398728302 240642000 245329040 62657900 933066072 265313442 659041922 744856140 145600000 8376324 102003264 52374945 836818983 573097112 61748896 817854480 717786549 60173750 324762830 150305120 26554336 418775157 126571920
50
80796646 290970666 586721058 194383797 374344960 744940 123527784 422103770 332552248 424254456 60171760 825845697 710249592 48770316 435137747 222104541 69270516 587306475 93191800 91623677 447135944 9521164 109028523 135855720 256426830 86883420 295594386 277635936 1097822 452148774 80122630 588643885 334564293 377782582 37661190 320958330 247109042 657593150 38459872 22881296 170158638 500602808 39521995 269199359 300913284 1569680 70956135 243078352 143830743 144927720
50
342425127 491194115 464523111 75177424 147461706 24625000 17750723 21855808 105810120 146827126 372622505 240751673 67617490 207333500 570761467 75087810 227789205 516229116 203087361 283160107 942657705 35240868 750313800 341999116 14954400 171051824 79536875 5164960 822955551 88933383 286769375 71777740 210204666 540330114 916808320 185215067 248073222 55090075 664930780 401661050 139697480 590562960 458922568 21768427 1043035200 53938841 215118888 76070310 291973504 612101934
50
12033840 464865780 491952105 536857005 401257248 266524710 314753376 347209170 2436852 142765295 248358045 39641490 20456093 75772620 416708472 534174816 181797795 1163375 293572100 583742772 26026360 30706335 46784934 81944568 388662903 28611520 262746448 232533969 152793170 250115047 15405256 684800865 312042185 222928662 14813684 30849938 180798870 718659920 22628620 310594560 585566112 672055722 95951375 78251404 354269400 902469520 126475206 129681288 126340578 10056690
50
2455806 120802382 278409591 331018940 243876528 589529526 148623909 171383128 549317420 77762502 26442200 719749800 273472080 67776170 142115032 9522490 192032520 75050352 524555200 498938782 219418260 628404952 17865396 679940880 116145760 413592601 39697080 80579300 378267750 616585254 563384950 148861080 462232624 527499055 276996398 164911790 67714668 549182988 324226012 774074676 221555019 607735008 244309358 100639557 267964280 408674622 257476373 108090544 135062127 13353219
50
290464130 101238838 362054370 459779802 151931702 880602686 279090630 70980736 409541663 384509178 58129170 63645304 417867249 590655106 77946360 623414043 677496325 467443028 451185128 789753328 369667890 442361439 4011556 107006442 50888240 760915415 632434425 35911278 92666850 87709700 18360594 246916983 209273328 95031288 423323997 304256745 17393211 144105570 373606464 473639444 102987904 164533527 246562376 30689894 27228960 249714036 702411402 980326065 534205438 513271616
50
138070324 537555330 104362050 63565531 690258310 3350375 676939872 87833900 696549399 232546469 684602869 53750652 18509733 504724990 214842411 7151508 19705088 33351138 344954804 529481266 148404132 267658248 190129488 252010142 540272192 80268624 15044700 984648324 477388560 477267822 276131400 2157750 202873930 180708560 898029960 521827710 268553950 103060848 12796728 373524690 447748756 99086680 191795524 118495036 24638355 249343724 352878192 252529209 148583092 46329609
50
23091840 120227235 737907270 162563149 446284171 120256535 666211017 670122240 77420574 196793337 118597440 109709040 414058112 41160720 5568534 375998960 476472766 38101785 43591680 455882580 173923578 265598355 679435196 88066748 186309497 41136750 160927568 298659342 105370176 193035833 7122210 59501118 314946861 757227687 21215220 73833630 25200375 630265044 237686994 197083362 142217187 805632098 785153988 128625226 439325760 127199066 70134120 55591758 413620228 541648954
50
148694306 192495555 3383289 576638496 551345275 231822500 146581938 189677592 290175696 120961140 89751450 112332631 429489971 536885928 788582655 527074364 277916238 20551596 135169965 577835544 19820192 236465858 9359768 169823354 187290884 548619680 224270358 40302112 138687784 487469712 10456677 172318832 249215328 110205868 48193065 124899696 913868775 204235377 617370201 16694830 238863294 967947024 297434620 22440916 86843625 115253184 132593344 128348344 31989888 209010864
50
489641256 977290272 35720 462484823 90150492 238404774 35576055 645332482 7715306 425930040 692335392 107283933 78911508 86426040 366853185 306105824 18311500 111924688 167604657 678692844 16924062 88832394 71098639 461706384 293360700 543394224 140280 135645792 707436934 71794485 450888738 61523650 254308600 137486731 361540044 35466046 66920886 327420765 987484376 114415296 176992164 914548322 582630373 1020622176 38445816 930045312 72117540 204307896 54640278 324778066
50
405895450 84875862 57113805 222701752 394954916 35984298 599506515 162260357 103604400 571745556 141602000 86292808 288044614 19702218 442784775 711950 34423860 33246807 271279740 498194548 444581532 501149696 640651800 367001661 746772256 286339900 32981824 312088590 88214680 280824621 7987635 265149052 55426800 352144680 170884408 4718112 579236420 285364416 640687103 717160512 319933908 108495347 89662788 553095654 24146698 13599198 14624190 18810846 294600067 414139174
50
52447945 132445089 145799849 155606934 159065028 22666644 34902864 528561638 218459528 43902018 894203571 289826772 468307470 176142015 153598536 30050709 94971781 259278576 58114578 25781850 419747142 48444341 474848343 240204972 706149120 388197705 553913600 114238550 29107182 297034924 4964700 7846125 37204128 15267140 77383730 290669148 634193137 72317610 189383634 325736472 170859370 384364294 235407150 692882780 142730190 781095999 14705388 222947502 34207854 218019714
50
222684475 64635200 139801750 166100641 324937536 217715260 230632557 380362190 24695244 326792420 5069790 1137340 181207692 90212535 16252324 288922626 436972178 157708496 308058016 667123431 466696224 71487156 717374268 60268216 29011037 210485439 224440700 290583033 147764500 901778380 238143633 40739394 208796878 17773216 284587037 8368209 191945374 243243 97254304 389517144 316792425 6727580 45383778 52786844 50821794 221508812 173841680 421545232 532043512 403907828
50
254677719 22416266 309497760 828491778 350684580 331841118 454625876 26491592 363239820 240918120 535925082 320850226 385861356 332593126 124611630 300643990 4466292 26705163 196438920 11789634 154533750 213372084 223718060 237694855 2905430 200322681 389939714 130834910 457211174 366616320 110636658 112653562 321624054 73589515 32635491 115736115 610824984 515799380 196508065 185176260 142348920 96689214 330682850 94405825 85057769 194807781 18202140 35017050 352161143 626349345
50
212032160 448868437 710130324 108611152 135435344 589952392 33169070 61885335 966071898 71094480 457773008 417109248 451049736 769827156 723115928 54731963 25299680 688405990 619118964 295840629 157256208 205047900 184802625 223703050 86275955 112766918 305689680 785509652 104857390 94235380 161550521 28084308 349719750 299472460 916190964 332138708 3024816 40144235 188068517 236602788 253804750 54019008 286699072 22524150 200209095 19603965 362184778 2729925 491184060 726315780
50
342486501 602645563 742385272 176704074 10703280 192236439 641417404 205603006 262399500 136073420 212032381 141900330 325147686 396168285 165650863 129921030 136629384 28732800 410473245 661515344 110554752 665316480 49362000 301789008 332395126 4507839 53672736 1202488 720267330 624906912 133582680 552160551 54742757 367296250 4181463 612194944 18908802 362038293 181221660 452220890 314755824 802735208 735972976 5376672 379514666 223648678 28852757 137181408 209560000 94850888
50
683630488 339996411 545844323 167768645 120371220 93527200 17241276 161848568 850832556 22679583 397273227 85641546 42867318 312249234 29014500 54209792 208909560 175256781 106516784 160140900 81607200 215902341 506619349 7901510 322984747 159555537 20908188 97894520 762975290 125194212 50660808 248779584 96514176 402075030 4194057 921909856 230775102 135028660 241362535 123352713 35475667 154152092 88751760 100660580 256099498 200418191 11266700 101737945 608065341 16888344
50
935057640 717211225 526138184 92315452 425998305 575344250 296283802 67781000 1925784 539776510 27337981 255562560 31479756 531381368 544227177 208979019 630820064 261110150 129456000 514127304 274834685 370029555 30415476 294797246 22285728 470783608 42153750 199253694 364824120 591007616 57529211 80983966 106301580 5846878 554943090 11878572 556153470 102161287 93610720 181328278 909435 520139081 599876660 59831308 671836964 336227598 282836412 7143530 5166090 22314880
50
379156172 72861600 359654064 99838206 451121918 656960794 1016011890 137155840 396038808 938274792 251649588 282767268 819351760 326293680 104487808 608285152 196013016 63155736 129954776 303923620 138414172 7626744 50703912 338703026 55286112 93174286 84689590 188155765 12082527 5357148 81661920 38335024 47315114 250569940 14834960 232607090 71808000 111489378 227606327 776313449 3106722 39993005 25614872 182032173 24603606 76008510 491407384 364933188 104760 11775825
50
82991481 62788455 27765720 386454640 10315722 261051076 403909044 54772200 7205180 127410647 159137136 141552086 968370717 165829930 54621951 304059603 587925790 215912086 186352794 333901966 342929720 98892808 429499488 187436032 792480042 266871645 216238167 55226150 318707400 279374622 639403116 736173816 57089778 273854390 417837190 589300480 695263338 324040464 506587760 378335191 576778540 51719368 294897460 137233011 272076706 235862760 298739155 56551500 143305640 960313095
50
496192770 284961600 89227560 238152320 1620510 697269311 345280751 737981335 226359484 5421768 13403775 52361925 74300920 31127798 377021580 62200850 19406250 124442623 101707945 485449877 175492792 365211024 181708640 384835443 50713290 189011955 274639648 188202750 182032237 24091587 349140600 119477358 109479444 23523136 125145280 56521418 5166480 89562385 156682215 610661898 206846744 212362776 193529061 560449176 356204995 771991236 1147230 8952660 984987100 347647776
50
147705670 10340085 15855872 644888880 258694854 688897671 132983328 361285540 567216356 576483192 283988904 345896180 222651500 227212092 3543779 454247136 371913404 400060794 138199180 1515976 383055081 301473900 69950640 46711458 265737360 37817640 325915336 77740405 111450853 753622688 162415872 342488100 5693779 1537868 480794118 68072993 336719573 724496465 10396920 87647920 430864745 216153560 474065096 663989125 121624088 381216570 625428060 8064639 6394715 549625000
50
312606280 17489898 149626928 317082753 765074128 88716700 11162019 118398016 72758108 43596994 97206522 218107260 919106790 48529159 394201716 110187184 966586644 535311830 71045884 361705164 149323250 643807346 397558766 112853768 31172246 55442899 18335280 485169600 141792408 29473275 101066130 1456530 623294700 166269212 136071096 118427000 183407750 453211510 512279398 654548928 5985980 283655388 321249590 166073745 4670919 48049500 327641472 314063574 25326596 549243600
50
660865050 32978764 7090440 70542512 338080197 676507464 470397300 184941246 82957882 10952076 497637108 35767488 10071537 30281721 191140944 144177320 152520175 368404062 449430383 297419936 540465651 6634098 370590958 39436950 309185378 44163416 282002074 7333188 814720520 431463456 471478578 562780940 90710275 14023152 228087030 641824288 103243644 214544400 302564570 682329284 317684500 50727348 394352418 546772557 175001840 285398076 953234748 568587576 194413475 9586341
50
438028599 52203532 50941044 42929792 3609822 50482465 8080048 27053052 235360385 618704324 363489384 256917088 139125834 14336410 532708650 639638036 560481020 168289545 294923485 686040908 176303709 820501056 423934836 86788242 7176202 21128800 419847940 987138086 586044576 795725040 478301244 305449893 735466468 15679800 115278250 478753730 663110960 695217218 392625648 69019005 640100200 436319637 63387135 125254923 700375335 60338106 51333135 509371823 407130040 208282368
50
122424968 684811725 301819365 810466690 13864515 32521104 413722713 97769776 167638197 251024981 143967096 944797542 489048228 395959291 220715553 98696519 60297222 292884822 617389425 394511742 133753180 610954416 247754794 286656008 173078283 364531812 104435947 203230300 412741600 487668272 46513544 118900143 618177168 16859626 29771898 265700368 410269860 255005840 299647660 795981072 18721875 192318760 811944648 351092952 127076748 243782190 48167385 146269224 53254608 17596324
50
208500585 82290726 554749372 543730988 413431508 383034960 310704227 796609493 682644942 5239345 121478847 437993490 216819560 30997365 30294090 154986468 40813850 247220290 497858140 26217120 802477233 221965788 15717381 149684664 213652890 180847596 285696288 171919776 143200277 310242580 236406301 192065742 142693060 597202533 348361488 57801400 209745790 234144792 724084242 192692784 20938140 265494704 568228199 161405066 428843832 239998836 217866728 93379859 119325255 467985472
50
220294035 181828764 212301468 48964500 414895900 127797606 111965000 348712 51427705 6258772 621631008 149429525 597431429 45632268 127363055 299681536 517500828 244518483 336946464 120456504 9028180 6652800 24671205 310486385 70352882 140434785 366539384 746233620 10012728 560472801 63033180 21329016 294409310 98852964 726395000 49629924 77774433 364255234 584886682 262625334 179163900 22024002 138981794 42124140 301629735 293821625 159211682 363704796 36467134 803216088
50
766125066 805557060 7758245 496127430 95867217 476711620 774806344 265488609 248386600 60089778 188851054 65737980 30074625 698363270 51879812 920503123 79866474 604826102 859845336 289674476 532018376 313408764 192743166 82306730 242704792 476970384 263970720 440061138 251246592 96183276 479494180 3100590 313167204 542508525 201690948 167242668 93117150 318912462 485670528 192679188 221824960 591763081 930055686 363061920 90447955 544992462 44182098 38029427 230088488 579498140
50
17082468 30889222 831123822 389221524 463130154 133198436 936611736 68006929 122100188 64945800 112031331 107161393 629301544 387807669 36429050 10885821 400820559 183453303 3066602 93924250 402466857 340532388 894407472 162400544 122677672 268627624 339931200 32708599 14164141 186017965 447485752 85178500 69583594 355969216 100836864 272792253 673521453 8787330 274873888 680507311 78114800 412135131 126530481 548768868 150416294 4430642 35069730 349888683 235241305 471629975
50
78759096 7224200 34747785 220079850 153727131 634772160 52123183 556979310 5819144 74696194 60502456 142219080 698537547 438298908 258103602 319659635 755038986 455932488 129381240 515985646 329830451 427273856 245525168 39727336 436951186 589268694 47590140 374487812 133270008 196551672 53110038 99429372 7147368 18796470 30459375 189317463 2068902 163464180 209078352 112446021 12584196 21444247 14693210 325470000 15982080 70523145 238770 857739182 36015616 599216480
